"119998145"	["219873774", [33.3528264, 33.3111206], [-111.789027, -111.7429808]]
"140640547"	["499254245", [40.5939636, 40.8200623, 40.8652865], [-74.6049061, -74.3647247, -74.4173877]]
"165217883"	["42666285", [41.5094444, 41.5094444, 41.5094444, 41.5094444, 41.5094444, 41.5094444, 41.5094444, 41.5094444, 41.5094444, 41.5094444, 41.5094444, 41.5094444, 41.5094444, 41.5094444, 41.5094444], [-90.5786111, -90.5786111, -90.5786111, -90.5786111, -90.5786111, -90.5786111, -90.5786111, -90.5786111, -90.5786111, -90.5786111, -90.5786111, -90.5786111, -90.5786111, -90.5786111, -90.5786111]]
"25626330"	["25626330", [33.5977468, 33.5977468, 33.5977468], [-84.4981852, -84.4981852, -84.4981852]]
"30999706"	["74055975", [41.9689688, 41.9767629, 41.9784474, 41.9689688], [-91.7335461, -91.6566028, -91.6559663, -91.7335461]]
"4776003857"	["4776003857", [40.4411, 40.4411], [-79.9975, -79.9975]]
"488112724"	["442237604", [43.6189362, 43.6189362], [-116.5346883, -116.5346883]]
"19268994"	["120915863", [38.8327423, 38.7956706], [-77.2060241, -77.6138802]]
"24314172"	["26805904", [37.647277, 37.6562178, 37.9287494], [-77.615554, -77.6194402, -77.4558151]]
"28705303"	["24275540", [49.2827291, 49.2827291, 49.2827291, 49.2827291], [-123.1207375, -123.1207375, -123.1207375, -123.1207375]]
"49810134"	["49810134", [42.9869502, 43.2557206, 42.9869502, 43.4276557, 42.9869502, 42.9869502], [-81.243177, -79.8711024, -81.243177, -80.4301932, -81.243177, -81.243177]]
"119210584"	["119210584", [34.7229391, 35.9382103], [-76.7260436, -77.7905339]]
"1262618142"	["25755670", [45.0724642, 45.0724642, 45.0105194], [-93.4557877, -93.4557877, -93.4555093]]
"133760290"	["861497352539873280", [37.5236445, 37.5236445, 37.5236445, 37.5236445, 37.5236445], [-121.94946557, -121.94946557, -121.94946557, -121.94946557, -121.94946557]]
"16648235"	["16648235", [41.80000955, 41.883222], [-87.60928816, -87.632496]]
"22741531"	["22741531", [31.7950511, 31.8559384, 31.7618778], [-106.3581527, -106.6391577, -106.4850217]]
"22808106"	["826458884948783104", [34.18580206, 32.97277], [-79.83783596, -80.04264]]
"23658678"	["23658678", [35.22213, 35.77337865], [-80.85412, -78.63913272]]
"25298643"	["25298643", [41.8003049, 41.8096201, 41.8096201], [-73.1211715, -72.8305154, -72.8305154]]
"3008365158"	["3008365158", [30.1668828, 35.0742448], [-96.3977442, -85.6260789]]
"339148874"	["339148874", [36.15754758, 36.2055514], [-86.78375644, -86.6939542]]
"41616995"	["41616995", [40.0583238, 39.360767, 39.7046713, 39.3311761], [-74.4056612, -74.4370178, -74.2632784, -74.5950268]]
"756914195178872834"	["42666285", [41.5094444, 41.5094444, 41.5094444, 41.5094444, 41.5094444, 41.5094444, 41.5094444, 41.5094444, 41.5094444, 41.5094444, 41.5094444, 41.5094444, 41.5094444, 41.5094444, 41.5094444], [-90.5786111, -90.5786111, -90.5786111, -90.5786111, -90.5786111, -90.5786111, -90.5786111, -90.5786111, -90.5786111, -90.5786111, -90.5786111, -90.5786111, -90.5786111, -90.5786111, -90.5786111]]
"781380689061085184"	["128111784", [42.38413483, 42.3368, 42.3368, 42.3368, 42.234], [-83.16524475, -83.0507, -83.0507, -83.0507, -83.3716]]
"826458884948783104"	["22808106", [33.6075398, 33.6075398], [-87.1622344, -87.1622344]]
"84530588"	["74057994", [41.4955255, 41.4955255, 41.4955255, 41.4955255], [-90.417231, -90.417231, -90.417231, -90.417231]]
"879363941138403330"	["879363941138403330", [42.9907775, 42.9907775], [-71.4612892, -71.4612892]]
"88254396"	["88254396", [45.359942, 45.7844116], [-110.7283684, -108.5559833]]
"211354844"	["211354844", [32.87, 32.87, 32.87, 32.87, 32.87], [-116.97, -116.97, -116.97, -116.97, -116.97]]
"22742168"	["22742168", [38.2080843, 38.26, 38.1282392, 38.9592201], [-85.2664679, -85.75, -85.8938124, -85.8902547]]
"24314585"	["133104046", [34.1, 34.1], [-117.44, -117.44]]
"2479904348"	["3011838662", [33.8241781, 31.5620774, 31.9994008, 32.1861206, 34.5330054, 33.0838588, 32.1861206, 31.9994008, 32.1861206, 32.7560194], [-111.2873885, -111.047042, -109.2720124, -110.8162263, -109.3624592, -111.9464444, -110.8162263, -109.2720124, -110.8162263, -109.7031805]]
"2767585882"	["2767585882", [41.28660677, 33.49796], [-88.26850138, -111.91801]]
"316737825"	["316737825", [42.48059, 42.6064095, 42.5410436], [-83.4754913, -83.1497751, -83.2131206]]
"318702238"	["120915960", [33.0013938, 32.9468125, 32.9468125], [-117.0735241, -117.0772936, -117.0772936]]
"3304456876"	["3304456876", [41.482, 41.6407, 41.883222], [-87.7253, -87.6306, -87.632496]]
"364905643"	["364905643", [37.75055321, 37.75], [-122.20278044, -122.28333333]]
"443877214"	["443877214", [43.4916514, 43.4916514, 43.4916514, 43.4916514], [-112.0339645, -112.0339645, -112.0339645, -112.0339645]]
"81593903"	["24314585", [44.9537029, 44.9537029, 44.977753], [-93.0899578, -93.0899578, -93.2650108]]
"1011811424"	["21629154", [36.1539816, 36.3684245, 36.7479572, 36.1539816], [-95.992775, -96.0013847, -95.9809247, -95.992775]]
"219873991"	["4776003857", [40.4411, 40.4411], [-79.9975, -79.9975]]
"2273511336"	["2273511336", [40.68, 40.67747, 40.74877], [-73.96822, -74.00562, -73.99531]]
"23068817"	["23068817", [45.0105194, 44.977753, 44.9537029, 45.1607987, 44.9537029], [-93.4555093, -93.2650108, -93.0899578, -93.2349489, -93.0899578]]
"24117255"	["24117255", [37.7799273, 37.7799273, 37.7799273], [-121.9780153, -121.9780153, -121.9780153]]
"343672842"	["42666285", [41.5094444, 41.5094444, 41.5094444, 41.5094444, 41.5094444, 41.5094444, 41.5094444, 41.5094444, 41.5094444, 41.5094444, 41.5094444, 41.5094444, 41.5094444, 41.5094444, 41.5094444], [-90.5786111, -90.5786111, -90.5786111, -90.5786111, -90.5786111, -90.5786111, -90.5786111, -90.5786111, -90.5786111, -90.5786111, -90.5786111, -90.5786111, -90.5786111, -90.5786111, -90.5786111]]
"63177540"	["63177540", [30.09238643, 29.98444444], [-95.99130852, -95.34138889]]
"1307706822"	["49840376", [43.1393867, 43.1393867, 43.3616211, 43.3616211], [-80.2644254, -80.2644254, -80.3144276, -80.3144276]]
"133104046"	["25755670", [45.0724642, 45.0724642, 45.0105194], [-93.4557877, -93.4557877, -93.4555093]]
"16909540"	["51250442", [33.63252499, 34.73985013], [-84.14739622, -83.39241011]]
"17237631"	["17237631", [40.83539, 40.86180002, 38.3722], [-73.94358, -73.92511591, -75.5736]]
"191092262"	["74057994", [41.4955255, 41.4955255, 41.4955255, 41.4955255], [-90.417231, -90.417231, -90.417231, -90.417231]]
"2200765736"	["443877214", [43.4916514, 43.4916514, 43.4916514, 43.4916514], [-112.0339645, -112.0339645, -112.0339645, -112.0339645]]
"22151199"	["343015523", [40.0425, 40.0425], [-81.6006, -81.6006]]
"22873671"	["22873671", [35.2219971, 26.1906306, 31.8451981, 31.4846812, 35.2374293, 31.0727214, 35.2374293], [-101.8312969, -97.6961026, -102.3742895, -100.4508956, -101.8093583, -97.6831025, -101.8093583]]
"22874430"	["22874430", [47.5514926, 46.8083268], [-101.0020119, -100.7837392]]
"23511679"	["23511679", [38.5890723, 38.5570086, 37.9577016], [-121.302728, -121.3115179, -121.2907796]]
"24643403"	["24643403", [37.2709704, 37.38], [-79.9414266, -79.16]]
"119998037"	["119998037", [38.7509488, 38.8462236, 38.4220687], [-77.4752667, -77.3063733, -77.4083086]]
"127926606"	["127926606", [40.82616667, 40.76497], [-73.91925, -73.99607]]
"133103792"	["24275540", [49.2827291, 49.2827291, 49.2827291, 49.2827291], [-123.1207375, -123.1207375, -123.1207375, -123.1207375]]
"22610561"	["361694495", [41.5391, 41.5391], [-74.0491, -74.0491]]
"24275540"	["24275540", [49.2827291, 49.2827291, 49.2827291, 49.2827291], [-123.1207375, -123.1207375, -123.1207375, -123.1207375]]
"28705647"	["28705647", [37.2934681, 37.345477], [-80.0547626, -79.2319173]]
"357106890"	["357106890", [39.7817213, 39.7817213], [-89.6501481, -89.6501481]]
"49840376"	["167117524", [39.95905743, 39.95905743, 39.998, 39.998, 39.95905743, 39.998, 39.87458299], [-75.15887064, -75.15887064, -75.1448, -75.1448, -75.15887064, -75.1448, -75.2437977]]
"119997909"	["295896511", [37.125324, 40.4497704], [-113.525345, -109.5486505]]
"21375950"	["21375950", [39.3422, 32.7893], [-120.204, -79.9863]]
"22664790"	["22664790", [39.0997265, 39.0228485, 38.9716689], [-94.5785667, -94.7151865, -95.2352501]]
"24116226"	["24116226", [35.2270869, 35.2270869, 35.2270869, 35.2270869], [-80.8431267, -80.8431267, -80.8431267, -80.8431267]]
"2820409627"	["2820409627", [41.0036719, 40.6014555, 44.6496868, 38.4495688, 40.0312267, 42.4500845, 28.0544223, 40.4284015, 39.7219884, 41.2523634, 39.165325, 26.7542312], [-80.347009, -79.7597709, -93.24272, -78.8689155, -74.7220017, -73.2453824, -82.5131717, -79.697545, -86.0899847, -95.9979883, -86.5263857, -80.9336753]]
"294389292"	["25755670", [45.0724642, 45.0724642, 45.0105194], [-93.4557877, -93.4557877, -93.4555093]]
"343015523"	["343015523", [40.0425, 40.0425], [-81.6006, -81.6006]]
"408879909"	["42666285", [41.5094444, 41.5094444, 41.5094444, 41.5094444, 41.5094444, 41.5094444, 41.5094444, 41.5094444, 41.5094444, 41.5094444, 41.5094444, 41.5094444, 41.5094444, 41.5094444, 41.5094444], [-90.5786111, -90.5786111, -90.5786111, -90.5786111, -90.5786111, -90.5786111, -90.5786111, -90.5786111, -90.5786111, -90.5786111, -90.5786111, -90.5786111, -90.5786111, -90.5786111, -90.5786111]]
"750755677254000640"	["750755677254000640", [30.2476472, 40.103832], [-91.9979411, -83.0200245]]
"154600364"	["25755670", [45.0724642, 45.0724642, 45.0105194], [-93.4557877, -93.4557877, -93.4555093]]
"227149406"	["227149406", [33.8, 33.8, 33.8], [-118.0, -118.0, -118.0]]
"2693726570"	["49810134", [42.9869502, 43.2557206, 42.9869502, 43.4276557, 42.9869502, 42.9869502], [-81.243177, -79.8711024, -81.243177, -80.4301932, -81.243177, -81.243177]]
"350619443"	["350619443", [40.7008, 40.7008], [-73.8892, -73.8892]]
"420349702"	["25755670", [45.0724642, 45.0724642, 45.0105194], [-93.4557877, -93.4557877, -93.4555093]]
"521077090"	["521077090", [36.6236, 36.24954], [-93.2161, -93.13233]]
"167117524"	["167117524", [39.95905743, 39.95905743, 39.998, 39.998, 39.95905743, 39.998, 39.87458299], [-75.15887064, -75.15887064, -75.1448, -75.1448, -75.15887064, -75.1448, -75.2437977]]
"173541362"	["173541362", [41.2705484, 41.7650031, 42.0027181, 41.7650031], [-72.9469711, -72.6871781, -72.5441445, -72.6871781]]
"181075237"	["219678164", [42.590354, 42.3536382], [-72.3097914, -72.5530757]]
"219873774"	["42666285", [41.5094444, 41.5094444, 41.5094444, 41.5094444, 41.5094444, 41.5094444, 41.5094444, 41.5094444, 41.5094444, 41.5094444, 41.5094444, 41.5094444, 41.5094444, 41.5094444, 41.5094444], [-90.5786111, -90.5786111, -90.5786111, -90.5786111, -90.5786111, -90.5786111, -90.5786111, -90.5786111, -90.5786111, -90.5786111, -90.5786111, -90.5786111, -90.5786111, -90.5786111, -90.5786111]]
"22874173"	["25755670", [45.0724642, 45.0724642, 45.0105194], [-93.4557877, -93.4557877, -93.4555093]]
"3306357942"	["1581712848", [49.12660113, 49.12660113, 49.2924448, 49.2819], [-122.83423057, -122.83423057, -123.12942535, -123.1204]]
"861497352539873280"	["861497352539873280", [37.5236445, 37.5236445, 37.5236445, 37.5236445, 37.5236445], [-121.94946557, -121.94946557, -121.94946557, -121.94946557, -121.94946557]]
"895010586668417024"	["133104046", [34.1, 34.1], [-117.44, -117.44]]
"99353647"	["22808106", [33.6075398, 33.6075398], [-87.1622344, -87.1622344]]
"996106729380286464"	["996106729380286464", [44.8754993, 44.8835768], [-93.1656654, -93.1382749]]
"119210988"	["119210988", [32.3672122, 32.3672122, 33.4398845, 33.4956744], [-90.2338473, -90.2338473, -88.5547884, -88.4272627]]
"119997807"	["120915863", [38.8327423, 38.7956706], [-77.2060241, -77.6138802]]
"128111784"	["25755670", [45.0724642, 45.0724642, 45.0105194], [-93.4557877, -93.4557877, -93.4555093]]
"181076039"	["220857323", [31.15, 31.15], [-81.5, -81.5]]
"314201545"	["314201545", [32.7189926, 31.9973456, 32.7189926], [-102.6449101, -102.0779146, -102.6449101]]
"440469693"	["133104046", [34.1, 34.1], [-117.44, -117.44]]
"715211464953319424"	["715211464953319424", [30.57738889, 33.22289269, 31.48962399, 33.47944444, 29.91633316, 36.23864885, 30.50851944, 33.45786654, 29.65662136, 30.4252067, 30.50851944, 32.78929559, 31.78876325, 33.88444444, 30.9665723, 32.1329, 33.88444444, 30.54180833, 32.7517972, 30.06993074, 30.6676921, 33.29177926], [-97.7805306, -97.8319799, -95.1354944, -94.6177778, -95.1413198, -100.2756889, -97.7671667, -101.084028, -95.5621664, -94.8507622, -97.7671667, -97.4164081, -98.1214238, -98.4988889, -97.346113, -99.1639889, -98.4988889, -97.6633944, -97.2894598, -99.3217122, -97.727511, -98.0805979]]
"718111627514552320"	["718111627514552320", [32.3101006, 32.3101006], [-95.3014069, -95.3014069]]
"71947812"	["71947812", [41.0765552, 39.9604969], [-85.1995944, -86.1276029]]
"99878583"	["99878583", [37.3860517, 37.5071591, 37.4418834, 37.5071591, 37.4418834, 37.3860517], [-122.0838511, -122.2605222, -122.1430195, -122.2605222, -122.1430195, -122.0838511]]
"1315309136"	["24315455", [32.715738, 32.715738, 33.095442, 32.715738], [-117.1610838, -117.1610838, -117.2499749, -117.1610838]]
"173541481"	["99964374", [41.5599312, 41.5772115, 41.561181, 42.0198168], [-93.7874919, -93.711332, -93.7990919, -93.6110982]]
"21723832"	["413206205", [44.0596, 44.0508, 45.524], [-121.312, -121.33, -122.685]]
"242330316"	["173541224", [42.2849052, 42.1443756], [-89.6070405, -88.0363212]]
"24565275"	["42666285", [41.5094444, 41.5094444, 41.5094444, 41.5094444, 41.5094444, 41.5094444, 41.5094444, 41.5094444, 41.5094444, 41.5094444, 41.5094444, 41.5094444, 41.5094444, 41.5094444, 41.5094444], [-90.5786111, -90.5786111, -90.5786111, -90.5786111, -90.5786111, -90.5786111, -90.5786111, -90.5786111, -90.5786111, -90.5786111, -90.5786111, -90.5786111, -90.5786111, -90.5786111, -90.5786111]]
"25757617"	["25757617", [33.4483771, 33.4483771, 33.4483771], [-112.0740373, -112.0740373, -112.0740373]]
"2835742825"	["2693726570", [33.244829, 33.73483, 33.737189, 33.739242, 33.07679, 33.361193, 33.480672, 33.545785, 33.658615, 33.224913, 33.483027, 33.330218, 33.865331, 33.227182, 33.622778, 33.580463, 33.674556, 35.227643, 33.434382], [-111.872311, -112.3311, -112.340097, -112.551909, -112.008124, -111.694668, -112.502039, -111.989363, -111.882673, -111.887635, -112.387214, -111.935983, -111.870048, -111.850244, -111.846779, -111.956854, -111.843118, -111.66467, -112.524664]]
"291831884"	["119210584", [34.7229391, 35.9382103], [-76.7260436, -77.7905339]]
"100008086"	["100008086", [36.7473114, 36.7473114], [-95.9808179, -95.9808179]]
"112293584"	["112293584", [37.20403, 37.4107], [-93.26107, -93.5483]]
"116327218"	["1581712848", [49.12660113, 49.12660113, 49.2924448, 49.2819], [-122.83423057, -122.83423057, -123.12942535, -123.1204]]
"120915863"	["120915863", [38.8327423, 38.7956706], [-77.2060241, -77.6138802]]
"15271904"	["15271904", [33.52833333, 33.4931], [-112.07638889, -111.926]]
"173541224"	["173541224", [42.2849052, 42.1443756], [-89.6070405, -88.0363212]]
"24215603"	["24215603", [30.2102306, 30.3321838, 30.3321838], [-81.7458845, -81.655651, -81.655651]]
"27657154"	["27657154", [39.8796, 39.8796], [-75.3255, -75.3255]]
"1022968354984742914"	["1022968354984742914", [36.1699412, 36.1699412, 36.1699412, 36.1699412], [-115.1398296, -115.1398296, -115.1398296, -115.1398296]]
"154599751"	["249921233", [33.03, 33.03], [-97.06, -97.06]]
"164299771"	["25755670", [45.0724642, 45.0724642, 45.0105194], [-93.4557877, -93.4557877, -93.4555093]]
"22151405"	["22151405", [30.6614792, 30.6953657, 30.6953657, 30.6953657, 30.4065868], [-88.0721215, -88.0398912, -88.0398912, -88.0398912, -87.6835974]]
"2218133828"	["2218133828", [45.5661551, 45.5661551], [-122.6345032, -122.6345032]]
"29141825"	["42666285", [41.5094444, 41.5094444, 41.5094444, 41.5094444, 41.5094444, 41.5094444, 41.5094444, 41.5094444, 41.5094444, 41.5094444, 41.5094444, 41.5094444, 41.5094444, 41.5094444, 41.5094444], [-90.5786111, -90.5786111, -90.5786111, -90.5786111, -90.5786111, -90.5786111, -90.5786111, -90.5786111, -90.5786111, -90.5786111, -90.5786111, -90.5786111, -90.5786111, -90.5786111, -90.5786111]]
"295896511"	["295896511", [37.125324, 40.4497704], [-113.525345, -109.5486505]]
"442237604"	["442237604", [43.6189362, 43.6189362], [-116.5346883, -116.5346883]]
"499974330"	["113370645", [42.8678693, 43.1978624, 43.0717552, 42.7470311, 42.7470311], [-71.4948322, -70.8736698, -70.7625532, -71.4596201, -71.4596201]]
"854348155537764353"	["854348155537764353", [40.0577464, 39.6645181], [-82.4470196, -86.1472242]]
"149018251"	["443877214", [43.4916514, 43.4916514, 43.4916514, 43.4916514], [-112.0339645, -112.0339645, -112.0339645, -112.0339645]]
"219678530"	["16648235", [41.80000955, 41.883222], [-87.60928816, -87.632496]]
"25755670"	["42666285", [41.5094444, 41.5094444, 41.5094444, 41.5094444, 41.5094444, 41.5094444, 41.5094444, 41.5094444, 41.5094444, 41.5094444, 41.5094444, 41.5094444, 41.5094444, 41.5094444, 41.5094444], [-90.5786111, -90.5786111, -90.5786111, -90.5786111, -90.5786111, -90.5786111, -90.5786111, -90.5786111, -90.5786111, -90.5786111, -90.5786111, -90.5786111, -90.5786111, -90.5786111, -90.5786111]]
"291767003"	["24116226", [35.2270869, 35.2270869, 35.2270869, 35.2270869], [-80.8431267, -80.8431267, -80.8431267, -80.8431267]]
"3857450773"	["22874430", [47.5514926, 46.8083268], [-101.0020119, -100.7837392]]
"45221083"	["45221083", [38.3495, 38.3495], [-81.6333, -81.6333]]
"119210840"	["74057994", [41.4955255, 41.4955255, 41.4955255, 41.4955255], [-90.417231, -90.417231, -90.417231, -90.417231]]
"120915695"	["17957392", [34.07305556, 32.7155], [-118.39944444, -117.1585]]
"1424623675"	["3234007289", [42.54, 42.54, 42.54, 42.54, 42.54, 42.54, 42.54, 42.54], [-88.35805556, -88.35805556, -88.35805556, -88.35805556, -88.35805556, -88.35805556, -88.35805556, -88.35805556]]
"185075983"	["185075983", [35.59399, 35.59399, 35.59399, 35.59399], [-82.5557497, -82.5557497, -82.5557497, -82.5557497]]
"21629154"	["21629154", [36.1539816, 36.3684245, 36.7479572, 36.1539816], [-95.992775, -96.0013847, -95.9809247, -95.992775]]
"219874395"	["219874395", [40.0583238, 39.9090924, 39.9899115, 40.0583238, 39.359804, 39.695397, 40.7829583], [-74.4056612, -74.1549173, -74.174137, -74.4056612, -74.4368096, -74.2587527, -74.0322003]]
"22741817"	["22741817", [35.5836235, 36.2305398, 35.9430698], [-87.0390831, -86.7718017, -86.8239415]]
"23069224"	["23069224", [39.9525839, 40.0792766], [-75.1652215, -75.3015714]]
"24642510"	["24642510", [36.6915262, 37.2934681, 37.4564163], [-79.8725386, -80.0547626, -79.2563916]]
"36176997"	["3857450773", [32.8715223, 32.8715223], [-96.96711879, -96.96711879]]
"61015432"	["833750840", [33.6801533, 32.5159852], [-96.612767, -93.7321228]]
"793883042490318852"	["793883042490318852", [32.3882468, 39.5359406, 41.0369045, 33.5206608], [-90.03591, -76.3482931, -74.6354656, -86.80249]]
"972281054030696448"	["42666285", [41.5094444, 41.5094444, 41.5094444, 41.5094444, 41.5094444, 41.5094444, 41.5094444, 41.5094444, 41.5094444, 41.5094444, 41.5094444, 41.5094444, 41.5094444, 41.5094444, 41.5094444], [-90.5786111, -90.5786111, -90.5786111, -90.5786111, -90.5786111, -90.5786111, -90.5786111, -90.5786111, -90.5786111, -90.5786111, -90.5786111, -90.5786111, -90.5786111, -90.5786111, -90.5786111]]
"100008156"	["70059146", [27.97628433, 28.41449748], [-82.24515276, -80.62963596]]
"1581712848"	["25755670", [45.0724642, 45.0724642, 45.0105194], [-93.4557877, -93.4557877, -93.4555093]]
"1654654640"	["1022968354984742914", [36.1699412, 36.1699412, 36.1699412, 36.1699412], [-115.1398296, -115.1398296, -115.1398296, -115.1398296]]
"22642896"	["22642896", [35.0538459, 35.0538459, 35.0538459], [-106.6048529, -106.6048529, -106.6048529]]
"2501039616"	["2501039616", [42.36276147, 42.36276147], [-71.07013822, -71.07013822]]
"26804672"	["26804672", [37.5407246, 37.665978, 37.5407246], [-77.4360481, -77.5063739, -77.4360481]]
"51250442"	["42666285", [41.5094444, 41.5094444, 41.5094444, 41.5094444, 41.5094444, 41.5094444, 41.5094444, 41.5094444, 41.5094444, 41.5094444, 41.5094444, 41.5094444, 41.5094444, 41.5094444, 41.5094444], [-90.5786111, -90.5786111, -90.5786111, -90.5786111, -90.5786111, -90.5786111, -90.5786111, -90.5786111, -90.5786111, -90.5786111, -90.5786111, -90.5786111, -90.5786111, -90.5786111, -90.5786111]]
"71960181"	["71960181", [35.0843859, 35.0853336, 35.0853336], [-106.650422, -106.6055534, -106.6055534]]
"99964374"	["167117524", [39.95905743, 39.95905743, 39.998, 39.998, 39.95905743, 39.998, 39.87458299], [-75.15887064, -75.15887064, -75.1448, -75.1448, -75.15887064, -75.1448, -75.2437977]]
"118424800"	["188483704", [41.6005448, 41.6005448, 41.6005448, 41.6005448, 41.6005448], [-93.6091064, -93.6091064, -93.6091064, -93.6091064, -93.6091064]]
"219678164"	["219678164", [42.590354, 42.3536382], [-72.3097914, -72.5530757]]
"220857323"	["65931097", [37.09024, 37.09024], [-95.712891, -95.712891]]
"22741408"	["22741408", [35.1495343, 34.9918587, 34.9617604, 35.021822], [-90.0489801, -90.0022958, -89.8295315, -89.91548]]
"22742272"	["102695744", [40.7142, 40.77274259], [-74.0064, -73.972216]]
"27789443"	["27789443", [37.6871761, 38.0466779], [-97.330053, -97.3450365]]
"355969935"	["355969935", [38.8319, 38.8319], [-90.7188, -90.7188]]
"70059146"	["188549374", [43.661471, 43.4020302, 43.6241649, 44.0978509, 44.0184794], [-70.2553259, -70.7024602, -70.3375123, -70.2311655, -71.1123521]]
"809007848046923776"	["809007848046923776", [47.6080113, 47.6080113], [-122.0311651, -122.0311651]]
"833750840"	["833750840", [33.6801533, 32.5159852], [-96.612767, -93.7321228]]
"97518589"	["97518589", [32.74874832, 32.67441], [-96.82808154, -96.7662]]
"1265304240"	["42666285", [41.5094444, 41.5094444, 41.5094444, 41.5094444, 41.5094444, 41.5094444, 41.5094444, 41.5094444, 41.5094444, 41.5094444, 41.5094444, 41.5094444, 41.5094444, 41.5094444, 41.5094444], [-90.5786111, -90.5786111, -90.5786111, -90.5786111, -90.5786111, -90.5786111, -90.5786111, -90.5786111, -90.5786111, -90.5786111, -90.5786111, -90.5786111, -90.5786111, -90.5786111, -90.5786111]]
"17957392"	["120915695", [40.2842164, 39.5297824, 39.5978465, 40.2842164], [-84.1554987, -84.086601, -84.1540659, -84.1554987]]
"2172716342"	["2172716342", [25.77746582, 25.62391663, 25.51138306, 25.68804932, 25.62379456, 25.51121521, 25.62376404, 25.62405322, 25.51116487, 25.51136402, 25.63781738], [-80.28702307, -80.37499721, -80.40615206, -80.39118221, -80.37482965, -80.40592998, -80.3749743, -80.37487283, -80.40626442, -80.40627051, -80.38828475]]
"24315455"	["24315455", [32.715738, 32.715738, 33.095442, 32.715738], [-117.1610838, -117.1610838, -117.2499749, -117.1610838]]
"24316115"	["24316115", [39.768403, 39.768403], [-86.158068, -86.158068]]
"249921233"	["249921233", [33.03, 33.03], [-97.06, -97.06]]
"42666285"	["42666285", [41.5094444, 41.5094444, 41.5094444, 41.5094444, 41.5094444, 41.5094444, 41.5094444, 41.5094444, 41.5094444, 41.5094444, 41.5094444, 41.5094444, 41.5094444, 41.5094444, 41.5094444], [-90.5786111, -90.5786111, -90.5786111, -90.5786111, -90.5786111, -90.5786111, -90.5786111, -90.5786111, -90.5786111, -90.5786111, -90.5786111, -90.5786111, -90.5786111, -90.5786111, -90.5786111]]
"55094101"	["249921233", [33.03, 33.03], [-97.06, -97.06]]
"58917652"	["420349702", [33.79, 33.7566, 33.79], [-84.47, -84.3889, -84.47]]
"59967225"	["59967225", [37.131624, 37.3058839, 36.8608858, 37.3424463], [-93.4612467, -89.5181476, -89.5814685, -92.9269533]]
"74057994"	["25757803", [40.0362184, 40.1006661, 39.7390721, 39.968281], [-75.5138118, -74.8518311, -75.5397878, -75.600953]]
"102695744"	["22742272", [45.4288319, 45.6008356], [-122.753234, -122.760606]]
"1353057572"	["173541224", [42.2849052, 42.1443756], [-89.6070405, -88.0363212]]
"219873310"	["41748671", [33.9293, 36.17048704], [-117.952, -115.14353739]]
"33085050"	["22874173", [42.3086573, 39.9356016, 41.1200325, 42.3086573], [-89.0142141, -91.4098726, -87.8611531, -89.0142141]]
"361105033"	["361105033", [41.372, 41.372], [-72.9418, -72.9418]]
"386662661"	["386662661", [33.22839951, 32.66215302], [-117.32106766, -117.12137239]]
"49809354"	["49809354", [43.4129238, 43.4129238], [-80.4771472, -80.4771472]]
"65931097"	["65931097", [37.09024, 37.09024], [-95.712891, -95.712891]]
"99353843"	["99353843", [33.8110208, 33.6929945], [-78.7058247, -78.8869453]]
"1022135839562838016"	["22742272", [45.4288319, 45.6008356], [-122.753234, -122.760606]]
"120915610"	["120915610", [37.3813444, 37.7050703], [-122.1802812, -122.1235054]]
"17957736"	["17957736", [36.3333, 36.73154844], [-119.647, -119.78807626]]
"182387578"	["182387578", [33.8826447, 33.6890603, 33.8826447], [-78.6455475, -78.8866943, -78.6455475]]
"188549374"	["70059146", [27.97628433, 28.41449748], [-82.24515276, -80.62963596]]
"2337211651"	["2337211651", [37.244039, 37.244039, 38.8462236], [-77.4102607, -77.4102607, -77.3063733]]
"24315640"	["343672842", [38.939926, 38.939926, 38.939926, 38.939926], [-119.9771868, -119.9771868, -119.9771868, -119.9771868]]
"25298913"	["25298913", [41.6556691, 41.8691889], [-73.3182644, -73.4415929]]
"25757803"	["74057994", [41.4955255, 41.4955255, 41.4955255, 41.4955255], [-90.417231, -90.417231, -90.417231, -90.417231]]
"28705025"	["316737825", [42.48059, 42.6064095, 42.5410436], [-83.4754913, -83.1497751, -83.2131206]]
"702355142381666312"	["702355142381666312", [41.1601789, 41.1601789], [-73.4188261, -73.4188261]]
"89948180"	["120915610", [37.3813444, 37.7050703], [-122.1802812, -122.1235054]]
"113370645"	["499974330", [40.7127837, 40.740083, 40.7127837], [-74.0059413, -73.9903489, -74.0059413]]
"199098392"	["199098392", [47.16, 47.16], [-122.51, -122.51]]
"26805904"	["26805904", [37.647277, 37.6562178, 37.9287494], [-77.615554, -77.6194402, -77.4558151]]
"3234007289"	["3234007289", [42.54, 42.54, 42.54, 42.54, 42.54, 42.54, 42.54, 42.54], [-88.35805556, -88.35805556, -88.35805556, -88.35805556, -88.35805556, -88.35805556, -88.35805556, -88.35805556]]
"499254245"	["499254245", [40.5939636, 40.8200623, 40.8652865], [-74.6049061, -74.3647247, -74.4173877]]
"506407817"	["506407817", [40.8418677, 40.4862157, 40.8652865], [-74.7161489, -74.4518188, -74.4173877]]
"74055975"	["30999706", [43.16103, 42.887535, 42.887535], [-77.6109219, -77.2816984, -77.2816984]]
"120915960"	["120915960", [33.0013938, 32.9468125, 32.9468125], [-117.0735241, -117.0772936, -117.0772936]]
"188483704"	["188483704", [41.6005448, 41.6005448, 41.6005448, 41.6005448, 41.6005448], [-93.6091064, -93.6091064, -93.6091064, -93.6091064, -93.6091064]]
"219874756"	["24315640", [37.6624312, 37.6873908], [-121.8746789, -121.9131761]]
"24193914"	["24193914", [40.7577936, 40.74295556], [-73.98591185, -74.15291111]]
"28442780"	["28442780", [42.3875968, 42.3251103], [-71.0994968, -71.0639654]]
"357826969"	["357826969", [37.2709704, 37.4099016], [-79.9414266, -79.9129552]]
"361694495"	["165217883", [37.78592, 40.7142], [-122.40074, -74.0064]]
"413206205"	["22873671", [35.2219971, 26.1906306, 31.8451981, 31.4846812, 35.2374293, 31.0727214, 35.2374293], [-101.8312969, -97.6961026, -102.3742895, -100.4508956, -101.8093583, -97.6831025, -101.8093583]]
"66586174"	["66586174", [44.059912, 43.216505], [-123.0179348, -123.3417381]]
"74066806"	["74066806", [41.9778795, 41.9778795], [-91.6656232, -91.6656232]]
"99878532"	["99878532", [42.7221892, 42.7221892, 42.7221835, 42.7221835], [-73.8006421, -73.8006421, -73.8006706, -73.8006706]]
"119211379"	["119211379", [38.6270025, 38.6105426, 38.81144], [-90.1994042, -90.3371889, -90.8529107]]
"1371210373"	["1371210373", [40.6628325, 40.61483969], [-74.41734363, -74.17660578]]
"2350515678"	["440469693", [29.71399593, 29.78713975, 29.74398515], [-81.52069174, -81.32343823, -81.47244193]]
"3011838662"	["440469693", [29.71399593, 29.78713975, 29.74398515], [-81.52069174, -81.32343823, -81.47244193]]
"41748671"	["219873310", [38.9586307, 38.8938834], [-77.3570028, -77.1893099]]
"66521273"	["66521273", [40.0, 32.7833, 40.7142], [-100.0, -96.8, -74.0064]]
