"100008086"	["100008086", [36.7473114, 36.7473114], [-95.9808179, -95.9808179]]
"100008156"	["100008156", [37.8998883, 37.7478572, 37.8998883, 38.009693], [-84.5861308, -84.2946539, -84.5861308, -84.4504178]]
"1011811424"	["119210840", [37.0833893, 37.755735, 37.755735, 36.9562832], [-88.6000478, -87.0756073, -87.0756073, -86.4323822]]
"1022135839562838016"	["1022135839562838016", [41.883222, 41.883222], [-87.632496, -87.632496]]
"1022968354984742914"	["357106890", [39.7817213, 39.7817213], [-89.6501481, -89.6501481]]
"102695744"	["1022135839562838016", [41.883222, 41.883222], [-87.632496, -87.632496]]
"112293584"	["112293584", [37.20403, 37.4107], [-93.26107, -93.5483]]
"113370645"	["499974330", [40.7127837, 40.740083, 40.7127837], [-74.0059413, -73.9903489, -74.0059413]]
"116327218"	["25755670", [45.0724642, 45.0724642, 45.0105194], [-93.4557877, -93.4557877, -93.4555093]]
"118424800"	["118424800", [40.8653534, 41.5844951], [-82.6504715, -84.6055076]]
"119210584"	["291831884", [47.7660161, 47.7276369, 47.7097274, 47.7001748, 47.7097428], [-116.7865815, -116.781196, -116.8973851, -116.787497, -116.8973785]]
"119210840"	["84530588", [39.1958444, 38.14267522, 39.1958444, 38.25438036, 39.1958444, 38.08899928, 39.1958444, 38.25438036], [-76.68069721, -85.57694576, -76.68069721, -85.75558526, -76.68069721, -84.42012366, -76.68069721, -85.75558526]]
"119210988"	["119210988", [32.3672122, 32.3672122, 33.4398845, 33.4956744], [-90.2338473, -90.2338473, -88.5547884, -88.4272627]]
"119211379"	["119211379", [38.6270025, 38.6105426, 38.81144], [-90.1994042, -90.3371889, -90.8529107]]
"119997807"	["119997807", [39.1031182, 39.1031182], [-84.5120196, -84.5120196]]
"119997909"	["295896511", [37.125324, 40.4497704], [-113.525345, -109.5486505]]
"119998037"	["119998037", [38.7509488, 38.8462236, 38.4220687], [-77.4752667, -77.3063733, -77.4083086]]
"119998145"	["25755670", [45.0724642, 45.0724642, 45.0105194], [-93.4557877, -93.4557877, -93.4555093]]
"120915610"	["89948180", [40.3797, 40.3797], [-79.0748, -79.0748]]
"120915695"	["17957392", [34.07305556, 32.7155], [-118.39944444, -117.1585]]
"120915863"	["119997807", [39.1031182, 39.1031182], [-84.5120196, -84.5120196]]
"120915960"	["318702238", [41.2523634, 40.8257625, 41.2523634], [-95.9979883, -96.6851982, -95.9979883]]
"1262618142"	["25755670", [45.0724642, 45.0724642, 45.0105194], [-93.4557877, -93.4557877, -93.4555093]]
"1265304240"	["25755670", [45.0724642, 45.0724642, 45.0105194], [-93.4557877, -93.4557877, -93.4555093]]
"127926606"	["127926606", [40.82616667, 40.76497], [-73.91925, -73.99607]]
"128111784"	["25755670", [45.0724642, 45.0724642, 45.0105194], [-93.4557877, -93.4557877, -93.4555093]]
"1307706822"	["167117524", [39.95905743, 39.95905743, 39.998, 39.998, 39.95905743, 39.998, 39.87458299], [-75.15887064, -75.15887064, -75.1448, -75.1448, -75.15887064, -75.1448, -75.2437977]]
"1315309136"	["2200765736", [34.16464029, 34.16464029], [-118.40493413, -118.40493413]]
"133103792"	["133103792", [36.2, 36.2, 36.2], [-115.06, -115.06, -115.06]]
"133104046"	["25755670", [45.0724642, 45.0724642, 45.0105194], [-93.4557877, -93.4557877, -93.4555093]]
"133760290"	["861497352539873280", [37.5236445, 37.5236445, 37.5236445, 37.5236445, 37.5236445], [-121.94946557, -121.94946557, -121.94946557, -121.94946557, -121.94946557]]
"1353057572"	["242330316", [29.69, 29.69, 29.69], [-95.66, -95.66, -95.66]]
"1371210373"	["1371210373", [40.6628325, 40.61483969], [-74.41734363, -74.17660578]]
"140640547"	["140640547", [49.33729, 49.33729, 49.33729], [-123.03818, -123.03818, -123.03818]]
"1424623675"	["167117524", [39.95905743, 39.95905743, 39.998, 39.998, 39.95905743, 39.998, 39.87458299], [-75.15887064, -75.15887064, -75.1448, -75.1448, -75.15887064, -75.1448, -75.2437977]]
"149018251"	["2200765736", [34.16464029, 34.16464029], [-118.40493413, -118.40493413]]
"15271904"	["15271904", [33.52833333, 33.4931], [-112.07638889, -111.926]]
"154599751"	["154599751", [29.693715, 29.7246822, 29.7246822], [-95.386539, -95.5564777, -95.5564777]]
"154600364"	["25755670", [45.0724642, 45.0724642, 45.0105194], [-93.4557877, -93.4557877, -93.4555093]]
"1581712848"	["25755670", [45.0724642, 45.0724642, 45.0105194], [-93.4557877, -93.4557877, -93.4555093]]
"164299771"	["25755670", [45.0724642, 45.0724642, 45.0105194], [-93.4557877, -93.4557877, -93.4555093]]
"165217883"	["25755670", [45.0724642, 45.0724642, 45.0105194], [-93.4557877, -93.4557877, -93.4555093]]
"1654654640"	["295896511", [37.125324, 40.4497704], [-113.525345, -109.5486505]]
"16648235"	["219678530", [43.3337408, 42.9689635, 41.9646755], [-73.6791435, -74.1843332, -73.9912581]]
"167117524"	["167117524", [39.95905743, 39.95905743, 39.998, 39.998, 39.95905743, 39.998, 39.87458299], [-75.15887064, -75.15887064, -75.1448, -75.1448, -75.15887064, -75.1448, -75.2437977]]
"16909540"	["25755670", [45.0724642, 45.0724642, 45.0105194], [-93.4557877, -93.4557877, -93.4555093]]
"17237631"	["17237631", [40.83539, 40.86180002, 38.3722], [-73.94358, -73.92511591, -75.5736]]
"173541224"	["242330316", [29.69, 29.69, 29.69], [-95.66, -95.66, -95.66]]
"173541362"	["173541362", [41.2705484, 41.7650031, 42.0027181, 41.7650031], [-72.9469711, -72.6871781, -72.5441445, -72.6871781]]
"173541481"	["167117524", [39.95905743, 39.95905743, 39.998, 39.998, 39.95905743, 39.998, 39.87458299], [-75.15887064, -75.15887064, -75.1448, -75.1448, -75.15887064, -75.1448, -75.2437977]]
"17957392"	["17957392", [34.07305556, 32.7155], [-118.39944444, -117.1585]]
"17957736"	["17957736", [36.3333, 36.73154844], [-119.647, -119.78807626]]
"181075237"	["181075237", [44.1858193, 43.7971946, 45.5060682, 44.8755183, 45.5060682], [-88.462609, -90.0773495, -91.738225, -91.9193422, -91.738225]]
"181076039"	["181076039", [34.1954331, 33.6951627, 33.84, 34.1954331], [-79.7625625, -80.2109134, -79.05, -79.7625625]]
"182387578"	["182387578", [33.8826447, 33.6890603, 33.8826447], [-78.6455475, -78.8866943, -78.6455475]]
"185075983"	["185075983", [35.59399, 35.59399, 35.59399, 35.59399], [-82.5557497, -82.5557497, -82.5557497, -82.5557497]]
"188483704"	["118424800", [40.8653534, 41.5844951], [-82.6504715, -84.6055076]]
"188549374"	["70059146", [27.97628433, 28.41449748], [-82.24515276, -80.62963596]]
"191092262"	["84530588", [39.1958444, 38.14267522, 39.1958444, 38.25438036, 39.1958444, 38.08899928, 39.1958444, 38.25438036], [-76.68069721, -85.57694576, -76.68069721, -85.75558526, -76.68069721, -84.42012366, -76.68069721, -85.75558526]]
"19268994"	["119997807", [39.1031182, 39.1031182], [-84.5120196, -84.5120196]]
"199098392"	["199098392", [47.16, 47.16], [-122.51, -122.51]]
"211354844"	["211354844", [32.87, 32.87, 32.87, 32.87, 32.87], [-116.97, -116.97, -116.97, -116.97, -116.97]]
"21375950"	["21375950", [39.3422, 32.7893], [-120.204, -79.9863]]
"21629154"	["1011811424", [40.7607793, 41.0550969, 30.4582829, 36.060949, 45.0999849, 34.1063989, 41.4570108, 47.76095, 40.6849626, 43.0730517], [-111.8910474, -73.8201337, -91.1403196, -95.7974526, -87.6306623, -117.5931084, -72.8230736, -122.2055883, -80.1071379, -89.4012302]]
"21723832"	["21723832", [42.3691884, 42.3358116, 42.324204, 42.3691884], [-83.3682539, -83.3842808, -83.400211, -83.3682539]]
"2172716342"	["167117524", [39.95905743, 39.95905743, 39.998, 39.998, 39.95905743, 39.998, 39.87458299], [-75.15887064, -75.15887064, -75.1448, -75.1448, -75.15887064, -75.1448, -75.2437977]]
"219678164"	["181075237", [44.1858193, 43.7971946, 45.5060682, 44.8755183, 45.5060682], [-88.462609, -90.0773495, -91.738225, -91.9193422, -91.738225]]
"219678530"	["219678530", [43.3337408, 42.9689635, 41.9646755], [-73.6791435, -74.1843332, -73.9912581]]
"219873310"	["219873310", [38.9586307, 38.8938834], [-77.3570028, -77.1893099]]
"219873774"	["25755670", [45.0724642, 45.0724642, 45.0105194], [-93.4557877, -93.4557877, -93.4555093]]
"219873991"	["219873991", [27.3412153, 26.9277985, 27.4872771, 27.3848973, 27.0679331], [-82.4518138, -82.0469827, -82.5889012, -82.4508092, -82.2111451]]
"219874395"	["219874395", [40.0583238, 39.9090924, 39.9899115, 40.0583238, 39.359804, 39.695397, 40.7829583], [-74.4056612, -74.1549173, -74.174137, -74.4056612, -74.4368096, -74.2587527, -74.0322003]]
"219874756"	["25755670", [45.0724642, 45.0724642, 45.0105194], [-93.4557877, -93.4557877, -93.4555093]]
"2200765736"	["2200765736", [34.16464029, 34.16464029], [-118.40493413, -118.40493413]]
"220857323"	["181076039", [34.1954331, 33.6951627, 33.84, 34.1954331], [-79.7625625, -80.2109134, -79.05, -79.7625625]]
"22151199"	["22151199", [33.4306545, 33.5206608, 33.3639393], [-86.7919009, -86.80249, -86.8119917]]
"22151405"	["22151405", [30.6614792, 30.6953657, 30.6953657, 30.6953657, 30.4065868], [-88.0721215, -88.0398912, -88.0398912, -88.0398912, -87.6835974]]
"2218133828"	["2218133828", [45.5661551, 45.5661551], [-122.6345032, -122.6345032]]
"22610561"	["25755670", [45.0724642, 45.0724642, 45.0105194], [-93.4557877, -93.4557877, -93.4555093]]
"22642896"	["1011811424", [40.7607793, 41.0550969, 30.4582829, 36.060949, 45.0999849, 34.1063989, 41.4570108, 47.76095, 40.6849626, 43.0730517], [-111.8910474, -73.8201337, -91.1403196, -95.7974526, -87.6306623, -117.5931084, -72.8230736, -122.2055883, -80.1071379, -89.4012302]]
"22664790"	["22664790", [39.0997265, 39.0228485, 38.9716689], [-94.5785667, -94.7151865, -95.2352501]]
"227149406"	["227149406", [33.8, 33.8, 33.8], [-118.0, -118.0, -118.0]]
"2273511336"	["2273511336", [40.68, 40.67747, 40.74877], [-73.96822, -74.00562, -73.99531]]
"22741408"	["22741408", [35.1495343, 34.9918587, 34.9617604, 35.021822], [-90.0489801, -90.0022958, -89.8295315, -89.91548]]
"22741531"	["22741531", [31.7950511, 31.8559384, 31.7618778], [-106.3581527, -106.6391577, -106.4850217]]
"22741817"	["22741817", [35.5836235, 36.2305398, 35.9430698], [-87.0390831, -86.7718017, -86.8239415]]
"22742168"	["314201545", [32.7189926, 31.9973456, 32.7189926], [-102.6449101, -102.0779146, -102.6449101]]
"22742272"	["1022135839562838016", [41.883222, 41.883222], [-87.632496, -87.632496]]
"22808106"	["826458884948783104", [34.18580206, 32.97277], [-79.83783596, -80.04264]]
"22873671"	["21723832", [42.3691884, 42.3358116, 42.324204, 42.3691884], [-83.3682539, -83.3842808, -83.400211, -83.3682539]]
"22874173"	["25755670", [45.0724642, 45.0724642, 45.0105194], [-93.4557877, -93.4557877, -93.4555093]]
"22874430"	["3857450773", [32.8715223, 32.8715223], [-96.96711879, -96.96711879]]
"23068817"	["23068817", [45.0105194, 44.977753, 44.9537029, 45.1607987, 44.9537029], [-93.4555093, -93.2650108, -93.0899578, -93.2349489, -93.0899578]]
"23069224"	["23069224", [39.9525839, 40.0792766], [-75.1652215, -75.3015714]]
"2337211651"	["2337211651", [37.244039, 37.244039, 38.8462236], [-77.4102607, -77.4102607, -77.3063733]]
"2350515678"	["25755670", [45.0724642, 45.0724642, 45.0105194], [-93.4557877, -93.4557877, -93.4555093]]
"23511679"	["23511679", [38.5890723, 38.5570086, 37.9577016], [-121.302728, -121.3115179, -121.2907796]]
"23658678"	["23658678", [35.22213, 35.77337865], [-80.85412, -78.63913272]]
"24116226"	["291767003", [36.60639477, 35.25078262], [-118.7505987, -112.18756259]]
"24117255"	["24117255", [37.7799273, 37.7799273, 37.7799273], [-121.9780153, -121.9780153, -121.9780153]]
"24193914"	["24193914", [40.7577936, 40.74295556], [-73.98591185, -74.15291111]]
"24215603"	["24215603", [30.2102306, 30.3321838, 30.3321838], [-81.7458845, -81.655651, -81.655651]]
"242330316"	["242330316", [29.69, 29.69, 29.69], [-95.66, -95.66, -95.66]]
"24275540"	["133103792", [36.2, 36.2, 36.2], [-115.06, -115.06, -115.06]]
"24314172"	["24314172", [41.49932, 41.3029994], [-81.6943605, -81.8552196]]
"24314585"	["25755670", [45.0724642, 45.0724642, 45.0105194], [-93.4557877, -93.4557877, -93.4555093]]
"24315455"	["24315455", [32.715738, 32.715738, 33.095442, 32.715738], [-117.1610838, -117.1610838, -117.2499749, -117.1610838]]
"24315640"	["25755670", [45.0724642, 45.0724642, 45.0105194], [-93.4557877, -93.4557877, -93.4555093]]
"24316115"	["24316115", [39.768403, 39.768403], [-86.158068, -86.158068]]
"24565275"	["25755670", [45.0724642, 45.0724642, 45.0105194], [-93.4557877, -93.4557877, -93.4555093]]
"24642510"	["24642510", [36.6915262, 37.2934681, 37.4564163], [-79.8725386, -80.0547626, -79.2563916]]
"24643403"	["24643403", [37.2709704, 37.38], [-79.9414266, -79.16]]
"2479904348"	["25755670", [45.0724642, 45.0724642, 45.0105194], [-93.4557877, -93.4557877, -93.4555093]]
"249921233"	["154599751", [29.693715, 29.7246822, 29.7246822], [-95.386539, -95.5564777, -95.5564777]]
"2501039616"	["2501039616", [42.36276147, 42.36276147], [-71.07013822, -71.07013822]]
"25298643"	["25298643", [41.8003049, 41.8096201, 41.8096201], [-73.1211715, -72.8305154, -72.8305154]]
"25298913"	["25298913", [41.6556691, 41.8691889], [-73.3182644, -73.4415929]]
"25626330"	["25626330", [33.5977468, 33.5977468, 33.5977468], [-84.4981852, -84.4981852, -84.4981852]]
"25755670"	["25755670", [45.0724642, 45.0724642, 45.0105194], [-93.4557877, -93.4557877, -93.4555093]]
"25757617"	["25757617", [33.4483771, 33.4483771, 33.4483771], [-112.0740373, -112.0740373, -112.0740373]]
"25757803"	["84530588", [39.1958444, 38.14267522, 39.1958444, 38.25438036, 39.1958444, 38.08899928, 39.1958444, 38.25438036], [-76.68069721, -85.57694576, -76.68069721, -85.75558526, -76.68069721, -84.42012366, -76.68069721, -85.75558526]]
"26804672"	["26804672", [37.5407246, 37.665978, 37.5407246], [-77.4360481, -77.5063739, -77.4360481]]
"26805904"	["24314172", [41.49932, 41.3029994], [-81.6943605, -81.8552196]]
"2693726570"	["2835742825", [32.7833, 32.7833, 32.7833, 32.7833, 32.7833, 32.7833, 32.7833, 32.8628049, 32.7833, 32.7833], [-96.8, -96.8, -96.8, -96.8, -96.8, -96.8, -96.8, -96.8985057, -96.8, -96.8]]
"27657154"	["27657154", [39.8796, 39.8796], [-75.3255, -75.3255]]
"2767585882"	["2767585882", [41.28660677, 33.49796], [-88.26850138, -111.91801]]
"27789443"	["27789443", [37.6871761, 38.0466779], [-97.330053, -97.3450365]]
"2820409627"	["2820409627", [41.0036719, 40.6014555, 44.6496868, 38.4495688, 40.0312267, 42.4500845, 28.0544223, 40.4284015, 39.7219884, 41.2523634, 39.165325, 26.7542312], [-80.347009, -79.7597709, -93.24272, -78.8689155, -74.7220017, -73.2453824, -82.5131717, -79.697545, -86.0899847, -95.9979883, -86.5263857, -80.9336753]]
"2835742825"	["2835742825", [32.7833, 32.7833, 32.7833, 32.7833, 32.7833, 32.7833, 32.7833, 32.8628049, 32.7833, 32.7833], [-96.8, -96.8, -96.8, -96.8, -96.8, -96.8, -96.8, -96.8985057, -96.8, -96.8]]
"28442780"	["28442780", [42.3875968, 42.3251103], [-71.0994968, -71.0639654]]
"28705025"	["28705025", [42.6827885, 43.0730517, 43.4710944, 43.5391486, 43.0730517], [-89.0187222, -89.4012302, -89.7442906, -89.4626202, -89.4012302]]
"28705303"	["28705303", [42.9981156, 42.8679836], [-78.1875167, -76.985557]]
"28705647"	["28705647", [37.2934681, 37.345477], [-80.0547626, -79.2319173]]
"29141825"	["25755670", [45.0724642, 45.0724642, 45.0105194], [-93.4557877, -93.4557877, -93.4555093]]
"291767003"	["291767003", [36.60639477, 35.25078262], [-118.7505987, -112.18756259]]
"291831884"	["291831884", [47.7660161, 47.7276369, 47.7097274, 47.7001748, 47.7097428], [-116.7865815, -116.781196, -116.8973851, -116.787497, -116.8973785]]
"294389292"	["25755670", [45.0724642, 45.0724642, 45.0105194], [-93.4557877, -93.4557877, -93.4555093]]
"295896511"	["295896511", [37.125324, 40.4497704], [-113.525345, -109.5486505]]
"3008365158"	["3008365158", [30.1668828, 35.0742448], [-96.3977442, -85.6260789]]
"3011838662"	["25755670", [45.0724642, 45.0724642, 45.0105194], [-93.4557877, -93.4557877, -93.4555093]]
"30999706"	["74055975", [41.9689688, 41.9767629, 41.9784474, 41.9689688], [-91.7335461, -91.6566028, -91.6559663, -91.7335461]]
"314201545"	["314201545", [32.7189926, 31.9973456, 32.7189926], [-102.6449101, -102.0779146, -102.6449101]]
"316737825"	["28705025", [42.6827885, 43.0730517, 43.4710944, 43.5391486, 43.0730517], [-89.0187222, -89.4012302, -89.7442906, -89.4626202, -89.4012302]]
"318702238"	["318702238", [41.2523634, 40.8257625, 41.2523634], [-95.9979883, -96.6851982, -95.9979883]]
"3234007289"	["167117524", [39.95905743, 39.95905743, 39.998, 39.998, 39.95905743, 39.998, 39.87458299], [-75.15887064, -75.15887064, -75.1448, -75.1448, -75.15887064, -75.1448, -75.2437977]]
"3304456876"	["3304456876", [41.482, 41.6407, 41.883222], [-87.7253, -87.6306, -87.632496]]
"3306357942"	["25755670", [45.0724642, 45.0724642, 45.0105194], [-93.4557877, -93.4557877, -93.4555093]]
"33085050"	["25755670", [45.0724642, 45.0724642, 45.0105194], [-93.4557877, -93.4557877, -93.4555093]]
"339148874"	["339148874", [36.15754758, 36.2055514], [-86.78375644, -86.6939542]]
"343015523"	["22151199", [33.4306545, 33.5206608, 33.3639393], [-86.7919009, -86.80249, -86.8119917]]
"343672842"	["25755670", [45.0724642, 45.0724642, 45.0105194], [-93.4557877, -93.4557877, -93.4555093]]
"350619443"	["350619443", [40.7008, 40.7008], [-73.8892, -73.8892]]
"355969935"	["355969935", [38.8319, 38.8319], [-90.7188, -90.7188]]
"357106890"	["357106890", [39.7817213, 39.7817213], [-89.6501481, -89.6501481]]
"357826969"	["357826969", [37.2709704, 37.4099016], [-79.9414266, -79.9129552]]
"361105033"	["361105033", [41.372, 41.372], [-72.9418, -72.9418]]
"361694495"	["25755670", [45.0724642, 45.0724642, 45.0105194], [-93.4557877, -93.4557877, -93.4555093]]
"36176997"	["36176997", [33.7311991, 39.6402638, 28.401947, 28.401947, 49.2832102, 33.0970519, 34.0729547, 33.0970519, 49.2832102], [-111.8529473, -106.3741955, -81.545416, -81.545416, -123.1187075, -117.2835448, -118.3892059, -117.2835448, -123.1187075]]
"364905643"	["364905643", [37.75055321, 37.75], [-122.20278044, -122.28333333]]
"3857450773"	["36176997", [33.7311991, 39.6402638, 28.401947, 28.401947, 49.2832102, 33.0970519, 34.0729547, 33.0970519, 49.2832102], [-111.8529473, -106.3741955, -81.545416, -81.545416, -123.1187075, -117.2835448, -118.3892059, -117.2835448, -123.1187075]]
"386662661"	["386662661", [33.22839951, 32.66215302], [-117.32106766, -117.12137239]]
"408879909"	["25755670", [45.0724642, 45.0724642, 45.0105194], [-93.4557877, -93.4557877, -93.4555093]]
"413206205"	["21723832", [42.3691884, 42.3358116, 42.324204, 42.3691884], [-83.3682539, -83.3842808, -83.400211, -83.3682539]]
"41616995"	["41616995", [40.0583238, 39.360767, 39.7046713, 39.3311761], [-74.4056612, -74.4370178, -74.2632784, -74.5950268]]
"41748671"	["219873310", [38.9586307, 38.8938834], [-77.3570028, -77.1893099]]
"420349702"	["25755670", [45.0724642, 45.0724642, 45.0105194], [-93.4557877, -93.4557877, -93.4555093]]
"42666285"	["25755670", [45.0724642, 45.0724642, 45.0105194], [-93.4557877, -93.4557877, -93.4555093]]
"440469693"	["25755670", [45.0724642, 45.0724642, 45.0105194], [-93.4557877, -93.4557877, -93.4555093]]
"442237604"	["488112724", [40.73138428, 40.64995198, 40.64947524], [-73.8538329, -73.78355206, -73.79203112]]
"443877214"	["2200765736", [34.16464029, 34.16464029], [-118.40493413, -118.40493413]]
"45221083"	["45221083", [38.3495, 38.3495], [-81.6333, -81.6333]]
"4776003857"	["219873991", [27.3412153, 26.9277985, 27.4872771, 27.3848973, 27.0679331], [-82.4518138, -82.0469827, -82.5889012, -82.4508092, -82.2111451]]
"488112724"	["488112724", [40.73138428, 40.64995198, 40.64947524], [-73.8538329, -73.78355206, -73.79203112]]
"49809354"	["49809354", [43.4129238, 43.4129238], [-80.4771472, -80.4771472]]
"49810134"	["2693726570", [33.244829, 33.73483, 33.737189, 33.739242, 33.07679, 33.361193, 33.480672, 33.545785, 33.658615, 33.224913, 33.483027, 33.330218, 33.865331, 33.227182, 33.622778, 33.580463, 33.674556, 35.227643, 33.434382], [-111.872311, -112.3311, -112.340097, -112.551909, -112.008124, -111.694668, -112.502039, -111.989363, -111.882673, -111.887635, -112.387214, -111.935983, -111.870048, -111.850244, -111.846779, -111.956854, -111.843118, -111.66467, -112.524664]]
"49840376"	["167117524", [39.95905743, 39.95905743, 39.998, 39.998, 39.95905743, 39.998, 39.87458299], [-75.15887064, -75.15887064, -75.1448, -75.1448, -75.15887064, -75.1448, -75.2437977]]
"499254245"	["140640547", [49.33729, 49.33729, 49.33729], [-123.03818, -123.03818, -123.03818]]
"499974330"	["499974330", [40.7127837, 40.740083, 40.7127837], [-74.0059413, -73.9903489, -74.0059413]]
"506407817"	["28705303", [42.9981156, 42.8679836], [-78.1875167, -76.985557]]
"51250442"	["25755670", [45.0724642, 45.0724642, 45.0105194], [-93.4557877, -93.4557877, -93.4555093]]
"521077090"	["521077090", [36.6236, 36.24954], [-93.2161, -93.13233]]
"55094101"	["154599751", [29.693715, 29.7246822, 29.7246822], [-95.386539, -95.5564777, -95.5564777]]
"58917652"	["25755670", [45.0724642, 45.0724642, 45.0105194], [-93.4557877, -93.4557877, -93.4555093]]
"59967225"	["59967225", [37.131624, 37.3058839, 36.8608858, 37.3424463], [-93.4612467, -89.5181476, -89.5814685, -92.9269533]]
"61015432"	["61015432", [41.84555054, 41.88168335, 41.87149048, 41.87136841, 41.87151995, 41.87136841, 41.92349243, 41.87136841, 41.90914917, 41.87142944, 41.8454895, 41.94528198], [-87.95370074, -87.62469853, -88.00050521, -88.00023582, -88.00045992, -88.00027554, -87.6981649, -88.00000354, -87.67747919, -88.00019588, -87.95359134, -87.70673062]]
"63177540"	["63177540", [30.09238643, 29.98444444], [-95.99130852, -95.34138889]]
"65931097"	["220857323", [31.15, 31.15], [-81.5, -81.5]]
"66521273"	["66521273", [40.0, 32.7833, 40.7142], [-100.0, -96.8, -74.0064]]
"66586174"	["66586174", [44.059912, 43.216505], [-123.0179348, -123.3417381]]
"70059146"	["100008156", [37.8998883, 37.7478572, 37.8998883, 38.009693], [-84.5861308, -84.2946539, -84.5861308, -84.4504178]]
"702355142381666312"	["702355142381666312", [41.1601789, 41.1601789], [-73.4188261, -73.4188261]]
"715211464953319424"	["715211464953319424", [30.57738889, 33.22289269, 31.48962399, 33.47944444, 29.91633316, 36.23864885, 30.50851944, 33.45786654, 29.65662136, 30.4252067, 30.50851944, 32.78929559, 31.78876325, 33.88444444, 30.9665723, 32.1329, 33.88444444, 30.54180833, 32.7517972, 30.06993074, 30.6676921, 33.29177926], [-97.7805306, -97.8319799, -95.1354944, -94.6177778, -95.1413198, -100.2756889, -97.7671667, -101.084028, -95.5621664, -94.8507622, -97.7671667, -97.4164081, -98.1214238, -98.4988889, -97.346113, -99.1639889, -98.4988889, -97.6633944, -97.2894598, -99.3217122, -97.727511, -98.0805979]]
"718111627514552320"	["718111627514552320", [32.3101006, 32.3101006], [-95.3014069, -95.3014069]]
"71947812"	["71947812", [41.0765552, 39.9604969], [-85.1995944, -86.1276029]]
"71960181"	["71960181", [35.0843859, 35.0853336, 35.0853336], [-106.650422, -106.6055534, -106.6055534]]
"74055975"	["74055975", [41.9689688, 41.9767629, 41.9784474, 41.9689688], [-91.7335461, -91.6566028, -91.6559663, -91.7335461]]
"74057994"	["84530588", [39.1958444, 38.14267522, 39.1958444, 38.25438036, 39.1958444, 38.08899928, 39.1958444, 38.25438036], [-76.68069721, -85.57694576, -76.68069721, -85.75558526, -76.68069721, -84.42012366, -76.68069721, -85.75558526]]
"74066806"	["74066806", [41.9778795, 41.9778795], [-91.6656232, -91.6656232]]
"750755677254000640"	["750755677254000640", [30.2476472, 40.103832], [-91.9979411, -83.0200245]]
"756914195178872834"	["25755670", [45.0724642, 45.0724642, 45.0105194], [-93.4557877, -93.4557877, -93.4555093]]
"781380689061085184"	["25755670", [45.0724642, 45.0724642, 45.0105194], [-93.4557877, -93.4557877, -93.4555093]]
"793883042490318852"	["793883042490318852", [32.3882468, 39.5359406, 41.0369045, 33.5206608], [-90.03591, -76.3482931, -74.6354656, -86.80249]]
"809007848046923776"	["809007848046923776", [47.6080113, 47.6080113], [-122.0311651, -122.0311651]]
"81593903"	["25755670", [45.0724642, 45.0724642, 45.0105194], [-93.4557877, -93.4557877, -93.4555093]]
"826458884948783104"	["826458884948783104", [34.18580206, 32.97277], [-79.83783596, -80.04264]]
"833750840"	["61015432", [41.84555054, 41.88168335, 41.87149048, 41.87136841, 41.87151995, 41.87136841, 41.92349243, 41.87136841, 41.90914917, 41.87142944, 41.8454895, 41.94528198], [-87.95370074, -87.62469853, -88.00050521, -88.00023582, -88.00045992, -88.00027554, -87.6981649, -88.00000354, -87.67747919, -88.00019588, -87.95359134, -87.70673062]]
"84530588"	["84530588", [39.1958444, 38.14267522, 39.1958444, 38.25438036, 39.1958444, 38.08899928, 39.1958444, 38.25438036], [-76.68069721, -85.57694576, -76.68069721, -85.75558526, -76.68069721, -84.42012366, -76.68069721, -85.75558526]]
"854348155537764353"	["854348155537764353", [40.0577464, 39.6645181], [-82.4470196, -86.1472242]]
"861497352539873280"	["861497352539873280", [37.5236445, 37.5236445, 37.5236445, 37.5236445, 37.5236445], [-121.94946557, -121.94946557, -121.94946557, -121.94946557, -121.94946557]]
"879363941138403330"	["879363941138403330", [42.9907775, 42.9907775], [-71.4612892, -71.4612892]]
"88254396"	["88254396", [45.359942, 45.7844116], [-110.7283684, -108.5559833]]
"895010586668417024"	["25755670", [45.0724642, 45.0724642, 45.0105194], [-93.4557877, -93.4557877, -93.4555093]]
"89948180"	["89948180", [40.3797, 40.3797], [-79.0748, -79.0748]]
"972281054030696448"	["25755670", [45.0724642, 45.0724642, 45.0105194], [-93.4557877, -93.4557877, -93.4555093]]
"97518589"	["97518589", [32.74874832, 32.67441], [-96.82808154, -96.7662]]
"99353647"	["826458884948783104", [34.18580206, 32.97277], [-79.83783596, -80.04264]]
"99353843"	["99353843", [33.8110208, 33.6929945], [-78.7058247, -78.8869453]]
"996106729380286464"	["996106729380286464", [44.8754993, 44.8835768], [-93.1656654, -93.1382749]]
"99878532"	["99878532", [42.7221892, 42.7221892, 42.7221835, 42.7221835], [-73.8006421, -73.8006421, -73.8006706, -73.8006706]]
"99878583"	["99878583", [37.3860517, 37.5071591, 37.4418834, 37.5071591, 37.4418834, 37.3860517], [-122.0838511, -122.2605222, -122.1430195, -122.2605222, -122.1430195, -122.0838511]]
"99964374"	["167117524", [39.95905743, 39.95905743, 39.998, 39.998, 39.95905743, 39.998, 39.87458299], [-75.15887064, -75.15887064, -75.1448, -75.1448, -75.15887064, -75.1448, -75.2437977]]
